1	M	0.17	[0.00074,1.3]		0.19	0.19	0.18	0.15	0.11	0.075	0.043	0.021	0.041	
2	S	0.3	[0.00074,1.3]		0.16	0.15	0.15	0.13	0.11	0.086	0.061	0.039	0.12	
3	K	0.29	[0.00074,1.3]		0.16	0.15	0.15	0.13	0.11	0.086	0.061	0.039	0.11	
4	E	0.96	[0.099,1.3]		0.00033	0.0042	0.016	0.038	0.066	0.093	0.11	0.11	0.56	
5	P	1.2	[0.35,1.3]		1.7e-07	2.9e-05	0.00044	0.0027	0.0098	0.026	0.052	0.086	0.82	
6	L	0.31	[0.00074,1.3]		0.15	0.15	0.14	0.13	0.11	0.087	0.063	0.042	0.13	
7	I	1.2	[0.35,1.3]		1.6e-07	2.7e-05	0.00042	0.0026	0.0095	0.025	0.051	0.086	0.83	
8	L	0.93	[0.099,1.3]		0.00037	0.0048	0.018	0.042	0.072	0.1	0.11	0.11	0.54	
9	W	0.47	[0.00074,1.3]		0.12	0.12	0.11	0.11	0.098	0.086	0.072	0.057	0.24	
10	L	0.4	[0.00074,1.3]		0.13	0.13	0.12	0.12	0.1	0.087	0.069	0.05	0.19	
11	M	1.3	[0.84,1.3]		8e-14	2.4e-09	5.8e-07	2.2e-05	0.00032	0.0025	0.012	0.043	0.94	
12	I	0.9	[0.039,1.3]		0.00041	0.0053	0.02	0.046	0.078	0.11	0.12	0.11	0.51	
13	E	0.32	[0.00074,1.3]		0.15	0.15	0.14	0.13	0.11	0.087	0.064	0.042	0.13	
14	F	1	[0.099,1.3]		0.00026	0.0034	0.013	0.031	0.055	0.081	0.1	0.11	0.61	
15	W	1.1	[0.099,1.3]		0.00017	0.0023	0.0088	0.021	0.04	0.062	0.083	0.1	0.68	
16	W	1.2	[0.35,1.3]		1.4e-07	2.3e-05	0.00036	0.0022	0.0082	0.022	0.046	0.081	0.84	
17	L	0.41	[0.00074,1.3]		0.13	0.13	0.12	0.12	0.1	0.087	0.069	0.052	0.2	
18	Y	0.45	[0.00074,1.3]		0.12	0.12	0.12	0.11	0.1	0.087	0.071	0.055	0.22	
19	L	0.43	[0.00074,1.3]		0.13	0.12	0.12	0.11	0.1	0.087	0.07	0.053	0.21	
20	T	0.29	[0.00074,1.3]		0.16	0.16	0.15	0.13	0.11	0.085	0.059	0.038	0.11	
21	P	0.34	[0.00074,1.3]		0.14	0.14	0.14	0.13	0.11	0.087	0.065	0.044	0.15	
22	V	0.98	[0.099,1.3]		0.00028	0.0037	0.014	0.034	0.06	0.087	0.11	0.11	0.58	
23	T	1.2	[0.35,1.3]		2.9e-07	5e-05	0.00076	0.0044	0.015	0.037	0.068	0.099	0.77	
24	S	1	[0.099,1.3]		0.00023	0.003	0.012	0.028	0.05	0.074	0.095	0.11	0.63	
25	E	0.32	[0.00074,1.3]		0.15	0.15	0.14	0.13	0.11	0.087	0.064	0.042	0.13	
26	T	1	[0.099,1.3]		0.00024	0.0031	0.012	0.028	0.051	0.076	0.096	0.11	0.63	
27	V	0.36	[0.00074,1.3]		0.14	0.14	0.13	0.12	0.11	0.088	0.066	0.047	0.16	
28	V	0.3	[0.00074,1.3]		0.15	0.15	0.14	0.13	0.11	0.087	0.062	0.04	0.12	
29	T	0.92	[0.039,1.3]		0.0004	0.0052	0.02	0.045	0.076	0.1	0.11	0.11	0.53	
30	E	1.3	[0.56,1.3]		1.3e-10	2.9e-07	1.8e-05	0.00027	0.0019	0.0086	0.027	0.063	0.9	
31	V	1.3	[0.56,1.3]		8.8e-11	2e-07	1.2e-05	0.00019	0.0014	0.0066	0.022	0.057	0.91	
32	L	0.44	[0.00074,1.3]		0.12	0.12	0.12	0.11	0.1	0.087	0.071	0.054	0.21	
33	G	0.42	[0.00074,1.3]		0.13	0.13	0.12	0.11	0.1	0.087	0.07	0.052	0.2	
34	H	1.2	[0.35,1.3]		1.6e-07	2.7e-05	0.00042	0.0026	0.0094	0.025	0.051	0.085	0.83	
35	R	1.2	[0.35,1.3]		1.5e-07	2.6e-05	0.0004	0.0024	0.0088	0.023	0.047	0.081	0.84	
36	V	0.3	[0.00074,1.3]		0.15	0.15	0.14	0.13	0.11	0.087	0.062	0.04	0.12	
37	T	0.35	[0.00074,1.3]		0.14	0.14	0.14	0.12	0.11	0.087	0.065	0.045	0.15	
38	L	0.44	[0.00074,1.3]		0.12	0.12	0.12	0.11	0.1	0.087	0.071	0.054	0.21	
39	P	0.3	[0.00074,1.3]		0.15	0.15	0.15	0.13	0.11	0.086	0.061	0.04	0.12	
40	C	0.47	[0.00074,1.3]		0.12	0.12	0.11	0.11	0.098	0.086	0.072	0.056	0.23	
41	L	0.44	[0.00074,1.3]		0.12	0.12	0.12	0.11	0.1	0.086	0.07	0.053	0.22	
42	Y	0.37	[0.00074,1.3]		0.14	0.14	0.13	0.12	0.11	0.088	0.067	0.048	0.17	
43	S	1.2	[0.35,1.3]		1.7e-07	2.9e-05	0.00045	0.0027	0.0098	0.026	0.052	0.086	0.82	
44	S	0.92	[0.099,1.3]		0.00038	0.0049	0.019	0.043	0.074	0.1	0.12	0.11	0.53	
45	W	0.47	[0.00074,1.3]		0.12	0.12	0.11	0.11	0.098	0.086	0.072	0.057	0.24	
46	S	0.4	[0.00074,1.3]		0.13	0.13	0.13	0.12	0.1	0.087	0.069	0.05	0.19	
47	H	1.3	[0.56,1.3]		1.1e-10	2.4e-07	1.5e-05	0.00023	0.0017	0.0076	0.024	0.06	0.91	
48	N	1.2	[0.35,1.3]		1.5e-07	2.6e-05	0.00041	0.0025	0.0092	0.024	0.05	0.084	0.83	
49	S	1.2	[0.35,1.3]		3.1e-07	5.2e-05	0.00079	0.0046	0.016	0.039	0.071	0.1	0.77	
50	N	0.24	[0.00074,1.3]		0.17	0.17	0.16	0.14	0.11	0.083	0.055	0.032	0.082	
51	S	0.25	[0.00074,1.3]		0.17	0.16	0.16	0.14	0.11	0.084	0.056	0.033	0.087	
52	M	0.17	[0.00074,1.3]		0.19	0.19	0.18	0.15	0.11	0.075	0.043	0.021	0.041	
53	C	0.38	[0.00074,1.3]		0.14	0.13	0.13	0.12	0.11	0.088	0.068	0.049	0.17	
54	W	0.47	[0.00074,1.3]		0.12	0.12	0.11	0.11	0.098	0.086	0.072	0.057	0.24	
55	G	0.36	[0.00074,1.3]		0.14	0.14	0.13	0.12	0.11	0.087	0.066	0.046	0.16	
56	K	0.29	[0.00074,1.3]		0.16	0.15	0.15	0.13	0.11	0.086	0.061	0.039	0.11	
57	D	0.99	[0.099,1.3]		0.00028	0.0036	0.014	0.033	0.059	0.085	0.1	0.11	0.59	
58	Q	1	[0.099,1.3]		0.00024	0.0031	0.012	0.029	0.051	0.076	0.096	0.11	0.63	
59	C	0.4	[0.00074,1.3]		0.13	0.13	0.13	0.12	0.1	0.088	0.069	0.05	0.18	
60	P	0.3	[0.00074,1.3]		0.15	0.15	0.15	0.13	0.11	0.086	0.061	0.04	0.12	
61	Y	1.3	[0.56,1.3]		1.4e-10	3e-07	1.9e-05	0.00028	0.002	0.0086	0.026	0.062	0.9	
62	S	0.3	[0.00074,1.3]		0.15	0.15	0.15	0.13	0.11	0.087	0.062	0.04	0.12	
63	G	1.1	[0.2,1.3]		0.00012	0.0015	0.0061	0.015	0.031	0.051	0.075	0.097	0.72	
64	C	0.38	[0.00074,1.3]		0.14	0.13	0.13	0.12	0.11	0.088	0.068	0.048	0.17	
65	K	1.2	[0.35,1.3]		3e-07	5.1e-05	0.00077	0.0045	0.016	0.037	0.069	0.1	0.77	
66	E	0.32	[0.00074,1.3]		0.15	0.15	0.14	0.13	0.11	0.087	0.064	0.042	0.13	
67	A	0.98	[0.099,1.3]		0.0003	0.0039	0.015	0.035	0.061	0.087	0.1	0.11	0.59	
68	L	0.33	[0.00074,1.3]		0.15	0.14	0.14	0.13	0.11	0.087	0.065	0.043	0.14	
69	I	0.22	[0.00074,1.3]		0.18	0.17	0.16	0.14	0.11	0.081	0.051	0.029	0.069	
70	R	1.3	[1.3,1.3]*		2e-20	1e-13	4e-10	1e-07	6.1e-06	0.00015	0.002	0.016	0.98	
71	T	0.32	[0.00074,1.3]		0.15	0.15	0.14	0.13	0.11	0.086	0.063	0.042	0.13	
72	D	0.35	[0.00074,1.3]		0.14	0.14	0.13	0.12	0.11	0.088	0.066	0.046	0.15	
73	G	0.38	[0.00074,1.3]		0.14	0.13	0.13	0.12	0.11	0.088	0.068	0.048	0.17	
74	M	1.3	[0.84,1.3]		6.8e-17	2.6e-11	2.5e-08	2.4e-06	6.8e-05	0.00087	0.0064	0.031	0.96	
75	R	0.96	[0.099,1.3]		0.00032	0.0041	0.016	0.037	0.064	0.09	0.11	0.11	0.57	
76	V	0.3	[0.00074,1.3]		0.15	0.15	0.14	0.13	0.11	0.087	0.062	0.04	0.12	
77	T	0.83	[0.039,1.3]		0.00055	0.007	0.026	0.059	0.097	0.12	0.13	0.11	0.45	
78	S	0.99	[0.099,1.3]		0.00029	0.0037	0.014	0.034	0.059	0.085	0.1	0.11	0.59	
79	R	0.98	[0.099,1.3]		0.00029	0.0038	0.015	0.034	0.06	0.086	0.1	0.11	0.59	
80	K	0.92	[0.099,1.3]		0.00039	0.0051	0.019	0.044	0.075	0.1	0.12	0.11	0.53	
81	S	0.37	[0.00074,1.3]		0.14	0.14	0.13	0.12	0.11	0.087	0.067	0.048	0.17	
82	A	1.2	[0.35,1.3]		2.3e-07	4e-05	0.00061	0.0036	0.013	0.032	0.062	0.094	0.79	
83	K	0.29	[0.00074,1.3]		0.16	0.15	0.15	0.13	0.11	0.086	0.061	0.039	0.11	
84	Y	0.46	[0.00074,1.3]		0.12	0.12	0.11	0.11	0.099	0.086	0.071	0.056	0.23	
85	R	0.92	[0.099,1.3]		0.00038	0.005	0.019	0.043	0.074	0.1	0.12	0.11	0.53	
86	L	0.41	[0.00074,1.3]		0.13	0.13	0.12	0.12	0.1	0.087	0.069	0.052	0.2	
87	Q	1.3	[0.84,1.3]		3.9e-14	1.2e-09	2.9e-07	1.1e-05	0.00018	0.0015	0.0083	0.034	0.96	
88	G	0.37	[0.00074,1.3]		0.14	0.14	0.13	0.12	0.11	0.088	0.067	0.047	0.16	
89	T	1.2	[0.35,1.3]		2.4e-07	4e-05	0.00062	0.0037	0.013	0.032	0.062	0.094	0.79	
90	I	0.86	[0.039,1.3]		0.0005	0.0065	0.024	0.055	0.09	0.12	0.12	0.11	0.48	
91	P	1.3	[0.56,1.3]		8.9e-11	2e-07	1.2e-05	0.00019	0.0014	0.0067	0.022	0.057	0.91	
92	R	0.31	[0.00074,1.3]		0.15	0.15	0.14	0.13	0.11	0.087	0.063	0.042	0.13	
93	G	0.33	[0.00074,1.3]		0.15	0.14	0.14	0.13	0.11	0.088	0.065	0.044	0.14	
94	D	1.3	[0.56,1.3]		1.3e-10	2.8e-07	1.7e-05	0.00026	0.0019	0.0086	0.027	0.064	0.9	
95	V	0.26	[0.00074,1.3]		0.17	0.16	0.15	0.14	0.11	0.084	0.057	0.034	0.092	
96	S	0.3	[0.00074,1.3]		0.16	0.15	0.15	0.13	0.11	0.086	0.061	0.039	0.12	
97	L	0.44	[0.00074,1.3]		0.12	0.12	0.12	0.11	0.1	0.087	0.071	0.054	0.21	
98	T	0.25	[0.00074,1.3]		0.17	0.17	0.16	0.14	0.11	0.082	0.055	0.033	0.089	
99	I	0.22	[0.00074,1.3]		0.18	0.17	0.16	0.14	0.11	0.081	0.051	0.029	0.069	
100	L	1.1	[0.2,1.3]		0.00012	0.0016	0.0064	0.016	0.031	0.052	0.075	0.096	0.72	
101	N	0.26	[0.00074,1.3]		0.17	0.16	0.15	0.14	0.11	0.084	0.057	0.034	0.092	
102	P	0.3	[0.00074,1.3]		0.15	0.15	0.15	0.13	0.11	0.086	0.061	0.04	0.12	
103	S	1.3	[0.56,1.3]		1.6e-10	3.5e-07	2.1e-05	0.00032	0.0023	0.0099	0.03	0.068	0.89	
104	E	0.31	[0.00074,1.3]		0.15	0.15	0.14	0.13	0.11	0.087	0.063	0.042	0.13	
105	S	1.2	[0.35,1.3]		1.8e-07	3.1e-05	0.00047	0.0028	0.01	0.027	0.054	0.088	0.82	
106	D	0.26	[0.00074,1.3]		0.16	0.16	0.15	0.14	0.11	0.085	0.058	0.035	0.095	
107	S	0.27	[0.00074,1.3]		0.16	0.16	0.15	0.14	0.11	0.085	0.059	0.036	0.099	
108	G	0.42	[0.00074,1.3]		0.13	0.13	0.12	0.11	0.1	0.087	0.07	0.052	0.2	
109	V	0.3	[0.00074,1.3]		0.15	0.15	0.14	0.13	0.11	0.087	0.062	0.04	0.12	
110	Y	0.37	[0.00074,1.3]		0.14	0.14	0.13	0.12	0.11	0.088	0.067	0.048	0.17	
111	C	0.38	[0.00074,1.3]		0.14	0.13	0.13	0.12	0.11	0.088	0.068	0.048	0.17	
112	C	0.38	[0.00074,1.3]		0.14	0.13	0.13	0.12	0.11	0.088	0.068	0.048	0.17	
113	R	0.37	[0.00074,1.3]		0.14	0.14	0.13	0.12	0.11	0.088	0.067	0.048	0.17	
114	I	0.24	[0.00074,1.3]		0.17	0.17	0.16	0.14	0.11	0.081	0.053	0.031	0.083	
115	E	0.32	[0.00074,1.3]		0.15	0.15	0.14	0.13	0.11	0.087	0.064	0.042	0.13	
116	V	0.3	[0.00074,1.3]		0.15	0.15	0.14	0.13	0.11	0.087	0.062	0.04	0.12	
117	P	0.38	[0.00074,1.3]		0.14	0.14	0.13	0.12	0.11	0.087	0.067	0.048	0.17	
118	G	0.32	[0.00074,1.3]		0.15	0.15	0.14	0.13	0.11	0.087	0.064	0.042	0.13	
119	W	0.47	[0.00074,1.3]		0.12	0.12	0.11	0.11	0.098	0.086	0.072	0.057	0.24	
120	F	0.29	[0.00074,1.3]		0.16	0.15	0.15	0.13	0.11	0.087	0.061	0.038	0.11	
121	N	0.24	[0.00074,1.3]		0.17	0.17	0.16	0.14	0.11	0.083	0.055	0.032	0.082	
122	D	0.35	[0.00074,1.3]		0.14	0.14	0.13	0.12	0.11	0.088	0.066	0.046	0.15	
123	V	0.3	[0.00074,1.3]		0.15	0.15	0.14	0.13	0.11	0.087	0.062	0.04	0.12	
124	K	0.29	[0.00074,1.3]		0.16	0.15	0.15	0.13	0.11	0.086	0.061	0.039	0.11	
125	I	1.2	[0.35,1.3]		1.1e-07	1.9e-05	0.0003	0.002	0.0078	0.022	0.049	0.086	0.83	
126	N	0.89	[0.039,1.3]		0.00045	0.0058	0.022	0.05	0.083	0.11	0.12	0.11	0.5	
127	V	1.3	[0.84,1.3]		1.4e-13	3.7e-09	8.8e-07	3.3e-05	0.00046	0.0033	0.015	0.049	0.93	
128	R	0.37	[0.00074,1.3]		0.14	0.14	0.13	0.12	0.11	0.088	0.068	0.048	0.17	
129	L	0.43	[0.00074,1.3]		0.13	0.12	0.12	0.11	0.1	0.087	0.07	0.053	0.21	
130	N	1.2	[0.35,1.3]		1.4e-07	2.4e-05	0.00038	0.0023	0.0085	0.023	0.048	0.082	0.84	
131	L	0.43	[0.00074,1.3]		0.13	0.12	0.12	0.11	0.1	0.087	0.07	0.053	0.21	
132	Q	1.2	[0.35,1.3]		1.7e-07	2.9e-05	0.00045	0.0027	0.0099	0.026	0.052	0.086	0.82	
133	R	0.31	[0.00074,1.3]		0.15	0.15	0.14	0.13	0.11	0.087	0.063	0.042	0.13	
134	A	0.24	[0.00074,1.3]		0.17	0.17	0.16	0.14	0.11	0.083	0.055	0.032	0.084	
135	S	1.1	[0.099,1.3]		0.00019	0.0025	0.0096	0.023	0.043	0.066	0.088	0.1	0.67	
136	T	0.29	[0.00074,1.3]		0.16	0.16	0.15	0.13	0.11	0.085	0.059	0.038	0.11	
137	T	0.25	[0.00074,1.3]		0.17	0.16	0.16	0.14	0.11	0.083	0.056	0.033	0.091	
138	T	1.2	[0.35,1.3]		2.1e-07	3.5e-05	0.00055	0.0033	0.012	0.03	0.059	0.092	0.8	
139	H	1.2	[0.56,1.3]		1e-07	1.8e-05	0.00027	0.0017	0.0061	0.017	0.036	0.068	0.87	
140	R	0.99	[0.099,1.3]		0.00029	0.0037	0.014	0.033	0.059	0.084	0.1	0.11	0.6	
141	T	0.29	[0.00074,1.3]		0.16	0.16	0.15	0.13	0.11	0.085	0.059	0.038	0.11	
142	A	1	[0.099,1.3]		0.00029	0.0037	0.014	0.033	0.057	0.081	0.097	0.1	0.61	
143	T	0.36	[0.00074,1.3]		0.14	0.14	0.13	0.12	0.11	0.084	0.063	0.044	0.16	
144	T	0.28	[0.00074,1.3]		0.16	0.16	0.15	0.13	0.11	0.084	0.057	0.036	0.11	
145	T	0.28	[0.00074,1.3]		0.16	0.16	0.15	0.13	0.11	0.084	0.058	0.036	0.11	
146	T	1.2	[0.35,1.3]		1.7e-07	3e-05	0.00046	0.0028	0.01	0.026	0.052	0.086	0.82	
147	R	1.3	[0.84,1.3]		4.8e-16	2.5e-11	1.5e-08	1.3e-06	3.6e-05	0.00051	0.0043	0.024	0.97	
148	R	1.2	[0.35,1.3]		1.3e-07	2.3e-05	0.00036	0.0022	0.0084	0.023	0.048	0.084	0.83	
149	T	1.2	[0.35,1.3]		1.8e-07	3e-05	0.00047	0.0029	0.01	0.027	0.055	0.089	0.82	
150	T	0.91	[0.039,1.3]		0.00041	0.0054	0.02	0.046	0.078	0.1	0.12	0.11	0.52	
151	T	0.89	[0.039,1.3]		0.00046	0.0059	0.022	0.05	0.083	0.11	0.12	0.11	0.5	
152	T	0.29	[0.00074,1.3]		0.16	0.15	0.15	0.13	0.11	0.085	0.06	0.038	0.12	
153	S	1.2	[0.35,1.3]		1.7e-07	3e-05	0.00046	0.0028	0.01	0.027	0.054	0.088	0.82	
154	P	0.96	[0.099,1.3]		0.00032	0.0042	0.016	0.037	0.065	0.091	0.11	0.11	0.57	
155	T	1	[0.099,1.3]		0.00026	0.0034	0.013	0.03	0.053	0.076	0.094	0.1	0.63	
156	T	0.25	[0.00074,1.3]		0.17	0.17	0.16	0.14	0.11	0.082	0.055	0.033	0.089	
157	T	0.25	[0.00074,1.3]		0.17	0.16	0.15	0.14	0.11	0.083	0.056	0.034	0.092	
158	R	1.2	[0.35,1.3]		2.3e-07	3.9e-05	0.00059	0.0035	0.012	0.031	0.061	0.094	0.8	
159	Q	1.2	[0.35,1.3]		2e-07	3.4e-05	0.00052	0.0031	0.011	0.029	0.057	0.09	0.81	
160	M	0.73	[0.039,1.3]		0.00076	0.0098	0.036	0.078	0.12	0.15	0.14	0.11	0.36	
161	T	0.29	[0.00074,1.3]		0.16	0.16	0.15	0.13	0.11	0.085	0.059	0.038	0.11	
162	T	0.28	[0.00074,1.3]		0.16	0.16	0.15	0.13	0.11	0.085	0.059	0.037	0.11	
163	T	0.87	[0.039,1.3]		0.00049	0.0063	0.024	0.053	0.087	0.11	0.12	0.11	0.49	
164	P	1.3	[0.56,1.3]		1.8e-10	4.1e-07	2.5e-05	0.00037	0.0026	0.011	0.031	0.069	0.89	
165	A	0.34	[0.00074,1.3]		0.14	0.14	0.14	0.12	0.11	0.087	0.065	0.045	0.15	
166	A	1.2	[0.35,1.3]		3.3e-07	5.6e-05	0.00084	0.0049	0.017	0.04	0.072	0.1	0.76	
167	L	0.41	[0.00074,1.3]		0.13	0.13	0.12	0.11	0.1	0.087	0.07	0.052	0.2	
168	P	0.97	[0.099,1.3]		0.0003	0.0039	0.015	0.035	0.062	0.088	0.11	0.11	0.58	
169	T	0.29	[0.00074,1.3]		0.16	0.16	0.15	0.13	0.11	0.085	0.059	0.038	0.11	
170	T	0.29	[0.00074,1.3]		0.16	0.16	0.15	0.13	0.11	0.085	0.059	0.038	0.11	
171	V	0.26	[0.00074,1.3]		0.17	0.16	0.15	0.14	0.11	0.084	0.057	0.034	0.092	
172	V	1.2	[0.35,1.3]		3e-07	5.1e-05	0.00077	0.0045	0.016	0.038	0.069	0.1	0.77	
173	T	0.84	[0.039,1.3]		0.00053	0.0068	0.026	0.057	0.094	0.12	0.13	0.11	0.45	
174	T	0.29	[0.00074,1.3]		0.16	0.16	0.15	0.13	0.11	0.085	0.059	0.038	0.11	
175	P	0.33	[0.00074,1.3]		0.15	0.14	0.14	0.13	0.11	0.087	0.064	0.043	0.14	
176	D	0.33	[0.00074,1.3]		0.15	0.14	0.14	0.13	0.11	0.087	0.064	0.044	0.14	
177	L	0.31	[0.00074,1.3]		0.15	0.15	0.14	0.13	0.11	0.087	0.063	0.041	0.13	
178	T	0.29	[0.00074,1.3]		0.16	0.16	0.15	0.13	0.11	0.085	0.059	0.038	0.11	
179	T	1.1	[0.2,1.3]		4.1e-07	6.9e-05	0.001	0.006	0.02	0.045	0.077	0.1	0.75	
180	G	1.3	[0.56,1.3]		9.6e-11	2.2e-07	1.3e-05	0.00021	0.0015	0.0071	0.023	0.058	0.91	
181	T	0.29	[0.00074,1.3]		0.16	0.16	0.15	0.13	0.11	0.085	0.059	0.038	0.11	
182	P	0.34	[0.00074,1.3]		0.14	0.14	0.14	0.13	0.11	0.087	0.065	0.044	0.15	
183	L	1	[0.099,1.3]		0.00024	0.0031	0.012	0.029	0.052	0.077	0.097	0.11	0.62	
184	Q	1	[0.099,1.3]		0.00023	0.0029	0.011	0.027	0.049	0.073	0.094	0.1	0.64	
185	M	1.3	[0.56,1.3]		1.4e-10	3.2e-07	2e-05	0.0003	0.0022	0.01	0.031	0.071	0.88	
186	T	1.2	[0.35,1.3]		1.7e-07	2.9e-05	0.00044	0.0027	0.0098	0.026	0.052	0.086	0.82	
187	T	0.87	[0.039,1.3]		0.00049	0.0064	0.024	0.054	0.088	0.11	0.12	0.11	0.48	
188	I	1.2	[0.2,1.3]		3.7e-07	6.3e-05	0.00095	0.0055	0.019	0.043	0.076	0.1	0.75	
189	A	0.88	[0.039,1.3]		0.00046	0.0059	0.022	0.051	0.084	0.11	0.12	0.11	0.49	
190	V	1.2	[0.56,1.3]		2.7e-10	6e-07	3.6e-05	0.00053	0.0036	0.014	0.04	0.08	0.86	
191	F	1	[0.099,1.3]		0.00024	0.0032	0.012	0.029	0.053	0.079	0.099	0.11	0.62	
192	T	0.92	[0.039,1.3]		0.0004	0.0052	0.02	0.045	0.076	0.1	0.11	0.11	0.53	
193	T	0.29	[0.00074,1.3]		0.16	0.16	0.15	0.13	0.11	0.085	0.059	0.038	0.11	
194	A	0.28	[0.00074,1.3]		0.16	0.16	0.15	0.13	0.11	0.085	0.059	0.037	0.11	
195	N	0.88	[0.039,1.3]		0.00046	0.0059	0.022	0.05	0.084	0.11	0.12	0.11	0.49	
196	T	1.3	[0.56,1.3]		1.6e-10	3.6e-07	2.2e-05	0.00032	0.0023	0.0096	0.029	0.065	0.89	
197	C	0.38	[0.00074,1.3]		0.14	0.13	0.13	0.12	0.11	0.088	0.068	0.048	0.17	
198	L	1	[0.099,1.3]		0.00024	0.0031	0.012	0.029	0.051	0.076	0.096	0.11	0.63	
199	S	1.1	[0.2,1.3]		8.4e-05	0.0011	0.0045	0.012	0.025	0.045	0.07	0.095	0.75	
200	L	1.2	[0.35,1.3]		2.1e-07	3.6e-05	0.00055	0.0033	0.012	0.03	0.058	0.091	0.81	
201	T	1.2	[0.2,1.3]		4e-07	6.8e-05	0.001	0.0059	0.02	0.045	0.077	0.1	0.75	
202	P	0.33	[0.00074,1.3]		0.15	0.14	0.14	0.13	0.11	0.087	0.064	0.043	0.14	
203	S	0.25	[0.00074,1.3]		0.17	0.16	0.16	0.14	0.11	0.084	0.056	0.033	0.087	
204	T	1.3	[0.84,1.3]		1.1e-13	3.2e-09	7.8e-07	3e-05	0.00042	0.0031	0.015	0.047	0.93	
205	L	0.39	[0.00074,1.3]		0.13	0.13	0.13	0.12	0.1	0.087	0.068	0.049	0.18	
206	P	0.34	[0.00074,1.3]		0.14	0.14	0.14	0.13	0.11	0.087	0.065	0.044	0.15	
207	E	0.32	[0.00074,1.3]		0.15	0.15	0.14	0.13	0.11	0.087	0.064	0.042	0.13	
208	E	0.91	[0.039,1.3]		0.00041	0.0052	0.02	0.045	0.077	0.1	0.12	0.11	0.52	
209	A	0.24	[0.00074,1.3]		0.17	0.17	0.16	0.14	0.11	0.083	0.055	0.032	0.084	
210	T	0.29	[0.00074,1.3]		0.16	0.16	0.15	0.13	0.11	0.085	0.059	0.038	0.11	
211	G	0.56	[0.00074,1.3]		0.1	0.099	0.098	0.094	0.089	0.082	0.073	0.062	0.3	
212	L	0.57	[0.00074,1.3]		0.098	0.098	0.096	0.093	0.088	0.082	0.073	0.063	0.31	
213	L	0.56	[0.00074,1.3]		0.1	0.099	0.098	0.095	0.089	0.082	0.073	0.062	0.3	
214	T	0.5	[0.00074,1.3]		0.11	0.11	0.11	0.1	0.095	0.085	0.072	0.059	0.26	
215	P	0.52	[0.00074,1.3]		0.11	0.11	0.1	0.099	0.093	0.084	0.073	0.06	0.28	
216	E	0.48	[0.00074,1.3]		0.11	0.11	0.11	0.1	0.097	0.086	0.072	0.058	0.25	
217	P	1.1	[0.099,1.3]		0.00014	0.0018	0.0072	0.018	0.033	0.053	0.075	0.095	0.72	
218	S	1.1	[0.099,1.3]		0.00014	0.0018	0.0072	0.018	0.033	0.053	0.075	0.095	0.72	
219	K	0.46	[0.00074,1.3]		0.12	0.12	0.11	0.11	0.099	0.086	0.072	0.056	0.23	
220	E	0.94	[0.099,1.3]		0.00035	0.0046	0.017	0.04	0.07	0.097	0.11	0.11	0.55	
221	G	0.37	[0.00074,1.3]		0.14	0.14	0.13	0.12	0.11	0.088	0.067	0.047	0.16	
222	P	0.93	[0.099,1.3]		0.00038	0.0049	0.019	0.043	0.073	0.1	0.11	0.11	0.53	
223	I	0.87	[0.039,1.3]		0.00047	0.0061	0.023	0.052	0.087	0.12	0.12	0.11	0.48	
224	L	0.96	[0.099,1.3]		0.00033	0.0043	0.016	0.038	0.066	0.093	0.11	0.11	0.56	
225	T	0.34	[0.00074,1.3]		0.14	0.14	0.14	0.12	0.11	0.087	0.065	0.044	0.15	
226	A	0.98	[0.099,1.3]		0.0003	0.0039	0.015	0.035	0.061	0.087	0.1	0.11	0.59	
227	E	0.31	[0.00074,1.3]		0.15	0.15	0.14	0.13	0.11	0.087	0.063	0.042	0.13	
228	S	1	[0.099,1.3]		0.00027	0.0035	0.013	0.032	0.056	0.081	0.1	0.11	0.61	
229	E	0.31	[0.00074,1.3]		0.15	0.15	0.14	0.13	0.11	0.087	0.063	0.042	0.13	
230	T	0.96	[0.099,1.3]		0.00033	0.0043	0.017	0.038	0.066	0.092	0.11	0.11	0.57	
231	V	1.2	[0.35,1.3]		2.9e-07	4.9e-05	0.00075	0.0044	0.015	0.037	0.069	0.1	0.77	
232	L	0.33	[0.00074,1.3]		0.15	0.14	0.14	0.13	0.11	0.087	0.065	0.043	0.14	
233	P	0.92	[0.099,1.3]		0.00038	0.005	0.019	0.043	0.074	0.1	0.12	0.11	0.53	
234	S	0.99	[0.099,1.3]		0.00028	0.0036	0.014	0.032	0.058	0.083	0.1	0.11	0.6	
235	D	0.9	[0.039,1.3]		0.00042	0.0054	0.021	0.047	0.08	0.11	0.12	0.11	0.51	
236	S	1.3	[0.56,1.3]		1.2e-10	2.7e-07	1.7e-05	0.00026	0.0019	0.0084	0.026	0.063	0.9	
237	W	1.1	[0.2,1.3]		0.00012	0.0016	0.0063	0.016	0.03	0.049	0.07	0.092	0.74	
238	S	1	[0.099,1.3]		0.00026	0.0034	0.013	0.031	0.054	0.079	0.097	0.1	0.62	
239	S	1.3	[0.84,1.3]		4.3e-11	9.9e-08	6.3e-06	0.00011	0.00086	0.0045	0.017	0.05	0.93	
240	V	1.2	[0.35,1.3]		2.3e-07	3.9e-05	0.0006	0.0035	0.013	0.031	0.06	0.093	0.8	
241	E	1.3	[0.56,1.3]		8.6e-11	1.9e-07	1.2e-05	0.00019	0.0014	0.0066	0.022	0.057	0.91	
242	S	1.3	[0.56,1.3]		7.5e-08	1.3e-05	0.0002	0.0013	0.0051	0.015	0.035	0.069	0.87	
243	T	1.2	[0.35,1.3]		1.4e-07	2.4e-05	0.00037	0.0023	0.0083	0.022	0.047	0.081	0.84	
244	S	1.2	[0.35,1.3]		1.5e-07	2.6e-05	0.00041	0.0025	0.0091	0.024	0.049	0.083	0.83	
245	A	0.29	[0.00074,1.3]		0.16	0.15	0.15	0.13	0.11	0.086	0.061	0.039	0.12	
246	D	0.26	[0.00074,1.3]		0.16	0.16	0.15	0.14	0.11	0.085	0.058	0.035	0.095	
247	T	0.97	[0.099,1.3]		0.00031	0.0041	0.016	0.036	0.063	0.09	0.11	0.11	0.57	
248	V	0.93	[0.099,1.3]		0.00036	0.0047	0.018	0.042	0.071	0.099	0.11	0.11	0.54	
249	L	0.43	[0.00074,1.3]		0.13	0.12	0.12	0.11	0.1	0.087	0.07	0.053	0.21	
250	L	0.4	[0.00074,1.3]		0.13	0.13	0.12	0.12	0.1	0.087	0.069	0.05	0.19	
251	T	0.29	[0.00074,1.3]		0.16	0.16	0.15	0.13	0.11	0.085	0.059	0.038	0.11	
252	S	0.3	[0.00074,1.3]		0.16	0.15	0.15	0.13	0.11	0.086	0.061	0.039	0.12	
253	K	1.3	[0.56,1.3]		1.9e-10	4.3e-07	2.6e-05	0.00039	0.0027	0.011	0.033	0.072	0.88	
254	E	0.32	[0.00074,1.3]		0.15	0.15	0.14	0.13	0.11	0.087	0.064	0.042	0.13	
255	S	0.97	[0.099,1.3]		0.0003	0.0039	0.015	0.035	0.062	0.088	0.11	0.11	0.58	
256	K	0.91	[0.099,1.3]		0.0004	0.0051	0.019	0.045	0.076	0.1	0.12	0.11	0.52	
257	V	0.99	[0.099,1.3]		0.00029	0.0037	0.014	0.034	0.059	0.085	0.1	0.11	0.59	
258	W	0.59	[0.00074,1.3]		0.094	0.093	0.092	0.09	0.086	0.08	0.073	0.064	0.33	
259	D	0.51	[0.00074,1.3]		0.11	0.11	0.11	0.1	0.094	0.085	0.073	0.059	0.26	
260	L	0.47	[0.00074,1.3]		0.12	0.11	0.11	0.11	0.098	0.086	0.072	0.057	0.24	
261	P	0.97	[0.099,1.3]		0.0003	0.0039	0.015	0.035	0.062	0.088	0.11	0.11	0.58	
262	S	1.2	[0.35,1.3]		1.6e-07	2.8e-05	0.00043	0.0026	0.0096	0.025	0.051	0.085	0.83	
263	T	0.96	[0.099,1.3]		0.00033	0.0043	0.016	0.038	0.066	0.093	0.11	0.11	0.56	
264	S	1.2	[0.35,1.3]		1.2e-07	2.1e-05	0.00033	0.002	0.0078	0.021	0.046	0.082	0.84	
265	H	1	[0.099,1.3]		0.00027	0.0035	0.013	0.032	0.056	0.082	0.1	0.11	0.6	
266	V	1.2	[0.35,1.3]		3.2e-07	5.4e-05	0.00082	0.0048	0.016	0.039	0.071	0.1	0.77	
267	S	1	[0.099,1.3]		0.00024	0.0031	0.012	0.028	0.051	0.075	0.095	0.11	0.63	
268	M	0.74	[0.039,1.3]		0.00073	0.0094	0.035	0.076	0.12	0.15	0.14	0.11	0.36	
269	W	0.47	[0.00074,1.3]		0.12	0.12	0.11	0.11	0.098	0.086	0.072	0.057	0.24	
270	K	0.92	[0.099,1.3]		0.00039	0.0051	0.019	0.044	0.076	0.1	0.12	0.11	0.52	
271	T	0.87	[0.039,1.3]		0.00047	0.006	0.023	0.052	0.086	0.11	0.12	0.11	0.49	
272	S	0.95	[0.099,1.3]		0.00034	0.0044	0.017	0.039	0.067	0.094	0.11	0.11	0.56	
273	D	0.33	[0.00074,1.3]		0.15	0.14	0.14	0.13	0.11	0.088	0.065	0.044	0.14	
274	S	0.38	[0.00074,1.3]		0.14	0.13	0.13	0.12	0.11	0.087	0.068	0.048	0.17	
275	V	0.3	[0.00074,1.3]		0.15	0.15	0.14	0.13	0.11	0.086	0.062	0.04	0.12	
276	S	1.1	[0.099,1.3]		0.00019	0.0025	0.0098	0.023	0.042	0.064	0.084	0.099	0.67	
277	S	1	[0.099,1.3]		0.00021	0.0027	0.011	0.025	0.046	0.07	0.09	0.1	0.65	
278	P	0.4	[0.00074,1.3]		0.13	0.13	0.13	0.12	0.1	0.087	0.069	0.05	0.19	
279	Q	0.42	[0.00074,1.3]		0.13	0.13	0.12	0.11	0.1	0.087	0.07	0.052	0.2	
280	P	0.4	[0.00074,1.3]		0.13	0.13	0.13	0.12	0.1	0.087	0.069	0.05	0.19	
281	G	1.2	[0.35,1.3]		2.1e-07	3.6e-05	0.00056	0.0033	0.012	0.03	0.059	0.092	0.8	
282	A	1.2	[0.35,1.3]		2.7e-07	4.5e-05	0.00069	0.0041	0.014	0.035	0.065	0.097	0.78	
283	S	0.38	[0.00074,1.3]		0.14	0.13	0.13	0.12	0.11	0.088	0.068	0.049	0.17	
284	D	1.2	[0.35,1.3]		2.1e-07	3.6e-05	0.00055	0.0033	0.012	0.03	0.058	0.092	0.8	
285	T	0.96	[0.099,1.3]		0.00033	0.0043	0.016	0.038	0.065	0.09	0.11	0.11	0.57	
286	A	0.9	[0.039,1.3]		0.00042	0.0054	0.02	0.047	0.079	0.11	0.12	0.11	0.51	
287	V	1.2	[0.35,1.3]		2.3e-07	3.9e-05	0.00059	0.0035	0.013	0.032	0.061	0.094	0.8	
288	P	0.54	[0.00074,1.3]		0.1	0.1	0.1	0.097	0.091	0.083	0.073	0.061	0.29	
289	E	0.98	[0.099,1.3]		0.0003	0.0039	0.015	0.035	0.062	0.088	0.11	0.11	0.58	
290	Q	0.41	[0.00074,1.3]		0.13	0.13	0.12	0.11	0.1	0.087	0.07	0.052	0.2	
291	N	0.24	[0.00074,1.3]		0.17	0.17	0.16	0.14	0.11	0.083	0.055	0.032	0.082	
292	K	0.29	[0.00074,1.3]		0.16	0.15	0.15	0.13	0.11	0.086	0.061	0.039	0.11	
293	T	0.29	[0.00074,1.3]		0.16	0.16	0.15	0.13	0.11	0.085	0.059	0.038	0.11	
294	T	1.2	[0.35,1.3]		2.5e-07	4.3e-05	0.00066	0.0039	0.014	0.034	0.064	0.096	0.79	
295	K	1.3	[1.3,1.3]*		2.8e-20	1.4e-13	5.6e-10	1.4e-07	8.2e-06	0.00019	0.0024	0.018	0.98	
296	T	1.2	[0.35,1.3]		2.2e-07	3.7e-05	0.00057	0.0034	0.012	0.031	0.06	0.093	0.8	
297	G	1.1	[0.099,1.3]		0.00014	0.0018	0.0072	0.018	0.035	0.057	0.081	0.1	0.7	
298	Q	1.2	[0.56,1.3]		9.1e-08	1.6e-05	0.00025	0.0015	0.006	0.017	0.038	0.073	0.86	
299	M	1.1	[0.2,1.3]		7.2e-07	0.00012	0.0018	0.01	0.032	0.068	0.11	0.12	0.66	
300	D	1.3	[0.56,1.3]		2.4e-08	4.3e-06	8e-05	0.00064	0.0032	0.012	0.032	0.069	0.88	
301	G	1	[0.099,1.3]		0.00027	0.0035	0.013	0.032	0.056	0.082	0.1	0.11	0.61	
302	I	1.2	[0.35,1.3]		5.8e-10	1.3e-06	7.6e-05	0.0011	0.0067	0.024	0.058	0.099	0.81	
303	P	0.3	[0.00074,1.3]		0.15	0.15	0.15	0.13	0.11	0.086	0.061	0.04	0.12	
304	M	1.3	[0.84,1.3]		2e-14	6.1e-10	1.6e-07	7.1e-06	0.00012	0.0012	0.0076	0.033	0.96	
305	S	1.3	[0.56,1.3]		6.8e-11	1.5e-07	9.6e-06	0.00015	0.0011	0.0055	0.019	0.052	0.92	
306	M	0.99	[0.099,1.3]		0.00028	0.0036	0.014	0.033	0.058	0.085	0.1	0.11	0.59	
307	K	0.46	[0.00074,1.3]		0.12	0.12	0.11	0.11	0.099	0.086	0.072	0.056	0.23	
308	N	1.2	[0.35,1.3]		1.2e-07	2e-05	0.00031	0.0019	0.0072	0.02	0.043	0.077	0.85	
309	E	0.48	[0.00074,1.3]		0.11	0.11	0.11	0.11	0.097	0.086	0.072	0.057	0.24	
310	M	1.2	[0.35,1.3]		2.4e-07	4.1e-05	0.00062	0.0037	0.013	0.033	0.063	0.096	0.79	
311	P	1.2	[0.35,1.3]		1.3e-07	2.2e-05	0.00034	0.0021	0.0077	0.021	0.045	0.079	0.85	
312	I	1.2	[0.35,1.3]		3.4e-07	5.9e-05	0.00089	0.0051	0.018	0.042	0.074	0.1	0.76	
313	S	1.2	[0.35,1.3]		2.1e-07	3.6e-05	0.00055	0.0033	0.012	0.03	0.059	0.092	0.8	
314	Q	1.2	[0.35,1.3]		1.8e-07	3.2e-05	0.00049	0.0029	0.011	0.027	0.054	0.088	0.82	
315	L	0.42	[0.00074,1.3]		0.13	0.12	0.12	0.11	0.1	0.087	0.07	0.053	0.2	
316	L	1	[0.099,1.3]		0.00022	0.0028	0.011	0.026	0.048	0.071	0.092	0.1	0.64	
317	M	0.7	[0.039,1.3]		0.00082	0.011	0.039	0.085	0.13	0.16	0.14	0.11	0.33	
318	I	0.81	[0.039,1.3]		0.0006	0.0077	0.029	0.064	0.1	0.13	0.13	0.11	0.43	
319	I	1.1	[0.2,1.3]		4.2e-07	7.1e-05	0.0011	0.0061	0.02	0.047	0.08	0.11	0.74	
320	A	1.2	[0.35,1.3]		3.5e-07	5.9e-05	0.00089	0.0052	0.018	0.041	0.073	0.1	0.76	
321	P	0.92	[0.099,1.3]		0.00038	0.005	0.019	0.043	0.074	0.1	0.12	0.11	0.53	
322	S	0.92	[0.099,1.3]		0.00039	0.005	0.019	0.044	0.075	0.1	0.12	0.11	0.53	
323	L	0.44	[0.00074,1.3]		0.12	0.12	0.12	0.11	0.1	0.087	0.071	0.054	0.21	
324	G	0.38	[0.00074,1.3]		0.14	0.13	0.13	0.12	0.11	0.088	0.068	0.048	0.17	
325	F	0.38	[0.00074,1.3]		0.14	0.13	0.13	0.12	0.11	0.088	0.068	0.048	0.17	
326	V	1.2	[0.35,1.3]		2.8e-07	4.8e-05	0.00072	0.0043	0.015	0.036	0.067	0.099	0.78	
327	L	0.33	[0.00074,1.3]		0.15	0.15	0.14	0.13	0.11	0.087	0.064	0.043	0.14	
328	F	1	[0.099,1.3]		0.00021	0.0028	0.011	0.026	0.047	0.07	0.091	0.1	0.65	
329	A	0.96	[0.099,1.3]		0.00032	0.0041	0.016	0.037	0.064	0.091	0.11	0.11	0.57	
330	L	0.45	[0.00074,1.3]		0.12	0.12	0.12	0.11	0.1	0.086	0.07	0.054	0.22	
331	F	0.94	[0.099,1.3]		0.00035	0.0046	0.018	0.04	0.07	0.097	0.11	0.11	0.55	
332	V	1.3	[0.56,1.3]		1.4e-10	3.2e-07	1.9e-05	0.00029	0.0021	0.0093	0.029	0.066	0.89	
333	A	1.1	[0.2,1.3]		3.7e-07	6.4e-05	0.00096	0.0056	0.019	0.044	0.078	0.11	0.74	
334	F	0.38	[0.00074,1.3]		0.14	0.13	0.13	0.12	0.11	0.088	0.068	0.048	0.17	
335	L	0.95	[0.099,1.3]		0.00034	0.0044	0.017	0.039	0.067	0.093	0.11	0.11	0.56	
336	L	1	[0.099,1.3]		0.00021	0.0027	0.01	0.025	0.046	0.069	0.09	0.1	0.65	
337	R	0.37	[0.00074,1.3]		0.14	0.14	0.13	0.12	0.11	0.086	0.066	0.047	0.17	
338	G	1	[0.099,1.3]		0.00025	0.0033	0.013	0.03	0.054	0.078	0.097	0.11	0.62	
339	K	0.29	[0.00074,1.3]		0.16	0.15	0.15	0.13	0.11	0.086	0.061	0.039	0.11	
340	L	1.3	[0.56,1.3]		1.5e-10	3.3e-07	2e-05	0.0003	0.0021	0.0094	0.029	0.066	0.89	
341	M	0.17	[0.00074,1.3]		0.19	0.19	0.18	0.15	0.11	0.075	0.043	0.021	0.041	
342	E	0.31	[0.00074,1.3]		0.15	0.15	0.14	0.13	0.11	0.087	0.063	0.042	0.13	
343	T	1.2	[0.35,1.3]		3.5e-07	6e-05	0.0009	0.0052	0.018	0.041	0.073	0.1	0.76	
344	Y	0.97	[0.099,1.3]		0.00031	0.004	0.015	0.036	0.062	0.089	0.11	0.11	0.58	
345	C	0.47	[0.00074,1.3]		0.12	0.12	0.11	0.11	0.098	0.086	0.072	0.056	0.23	
346	S	1.2	[0.35,1.3]		1.7e-07	2.8e-05	0.00044	0.0026	0.0096	0.025	0.051	0.085	0.83	
347	Q	0.42	[0.00074,1.3]		0.13	0.13	0.12	0.11	0.1	0.087	0.07	0.052	0.2	
348	K	0.94	[0.099,1.3]		0.00036	0.0046	0.018	0.041	0.07	0.097	0.11	0.11	0.55	
349	H	0.32	[0.00074,1.3]		0.15	0.15	0.14	0.13	0.11	0.087	0.063	0.042	0.13	
350	T	0.97	[0.099,1.3]		0.00031	0.004	0.015	0.036	0.063	0.089	0.11	0.11	0.58	
351	R	0.31	[0.00074,1.3]		0.15	0.15	0.14	0.13	0.11	0.087	0.062	0.041	0.12	
352	L	0.42	[0.00074,1.3]		0.13	0.12	0.12	0.11	0.1	0.087	0.07	0.053	0.2	
353	D	0.91	[0.039,1.3]		0.0004	0.0052	0.02	0.045	0.077	0.1	0.12	0.11	0.52	
354	Y	1.3	[0.84,1.3]		8.5e-14	2.5e-09	6.1e-07	2.3e-05	0.00033	0.0025	0.012	0.043	0.94	
355	I	1.3	[0.84,1.3]		4.9e-14	1.4e-09	3.6e-07	1.4e-05	0.00022	0.0018	0.0098	0.037	0.95	
356	G	0.38	[0.00074,1.3]		0.14	0.13	0.13	0.12	0.11	0.088	0.068	0.048	0.17	
357	D	0.97	[0.099,1.3]		0.00031	0.0041	0.016	0.036	0.064	0.09	0.11	0.11	0.57	
358	S	1.2	[0.35,1.3]		1.8e-07	3.1e-05	0.00048	0.0029	0.011	0.027	0.054	0.088	0.82	
359	K	0.29	[0.00074,1.3]		0.16	0.15	0.15	0.13	0.11	0.086	0.061	0.039	0.11	
360	N	0.32	[0.00074,1.3]		0.15	0.15	0.14	0.13	0.11	0.087	0.064	0.042	0.13	
361	V	0.26	[0.00074,1.3]		0.17	0.16	0.15	0.14	0.11	0.084	0.057	0.034	0.092	
362	L	0.31	[0.00074,1.3]		0.15	0.15	0.14	0.13	0.11	0.087	0.063	0.041	0.13	
363	N	1.3	[0.56,1.3]		1.6e-10	3.6e-07	2.2e-05	0.00033	0.0023	0.01	0.031	0.069	0.89	
364	D	0.26	[0.00074,1.3]		0.16	0.16	0.15	0.14	0.11	0.085	0.058	0.036	0.096	
365	V	1.3	[0.56,1.3]		2.1e-13	6.2e-09	1.5e-06	5.4e-05	0.00071	0.0048	0.02	0.057	0.92	
366	Q	1.2	[0.35,1.3]		1.4e-07	2.5e-05	0.00038	0.0023	0.0086	0.023	0.048	0.082	0.84	
367	H	0.4	[0.00074,1.3]		0.13	0.13	0.13	0.12	0.1	0.088	0.069	0.051	0.19	
368	G	0.38	[0.00074,1.3]		0.14	0.13	0.13	0.12	0.11	0.088	0.068	0.048	0.17	
369	R	1	[0.099,1.3]		0.00027	0.0034	0.013	0.031	0.054	0.078	0.096	0.1	0.62	
370	E	0.31	[0.00074,1.3]		0.15	0.15	0.14	0.13	0.11	0.087	0.063	0.042	0.13	
371	D	0.93	[0.099,1.3]		0.00038	0.0049	0.019	0.043	0.073	0.1	0.11	0.11	0.53	
372	E	0.31	[0.00074,1.3]		0.15	0.15	0.14	0.13	0.11	0.087	0.063	0.042	0.13	
373	D	0.33	[0.00074,1.3]		0.15	0.14	0.14	0.13	0.11	0.088	0.065	0.044	0.14	
374	G	0.32	[0.00074,1.3]		0.15	0.15	0.14	0.13	0.11	0.087	0.064	0.043	0.14	
375	L	1	[0.099,1.3]		0.00023	0.003	0.012	0.028	0.05	0.074	0.094	0.1	0.63	
376	F	0.37	[0.00074,1.3]		0.14	0.14	0.13	0.12	0.11	0.088	0.067	0.048	0.16	
377	T	0.25	[0.00074,1.3]		0.17	0.16	0.15	0.14	0.11	0.083	0.056	0.034	0.092	
378	L	0.31	[0.00074,1.3]		0.15	0.15	0.14	0.13	0.11	0.087	0.063	0.041	0.13	
